/software/cuda-11.6
/software/gcc-8.2.0/bin:/software/cuda-11.6/bin:/usr/lib64/qt-3.3/bin:/home/kc81/setup/anaconda3/bin:/usr/local/bin:/usr/bin:/usr/local/sbin:/usr/sbin
/software/gcc-8.2.0/lib64:/software/gcc-8.2.0/lib:/software/cuda-11.6/lib64:/software/cuda-11.6/extras/CUPTI/lib64
Wed Mar  6 20:45:59 2024       
+---------------------------------------------------------------------------------------+
| NVIDIA-SMI 535.113.01             Driver Version: 535.113.01   CUDA Version: 12.2     |
|-----------------------------------------+----------------------+----------------------+
| GPU  Name                 Persistence-M | Bus-Id        Disp.A | Volatile Uncorr. ECC |
| Fan  Temp   Perf          Pwr:Usage/Cap |         Memory-Usage | GPU-Util  Compute M. |
|                                         |                      |               MIG M. |
|=========================================+======================+======================|
|   0  Quadro RTX 6000                Off | 00000000:1A:00.0 Off |                  Off |
| 33%   18C    P8              15W / 260W |      3MiB / 24576MiB |      0%      Default |
|                                         |                      |                  N/A |
+-----------------------------------------+----------------------+----------------------+
|   1  Quadro RTX 6000                Off | 00000000:1B:00.0 Off |                  Off |
| 33%   21C    P8               4W / 260W |      3MiB / 24576MiB |      0%      Default |
|                                         |                      |                  N/A |
+-----------------------------------------+----------------------+----------------------+
|   2  Quadro RTX 6000                Off | 00000000:60:00.0 Off |                  Off |
| 33%   22C    P8              22W / 260W |      3MiB / 24576MiB |      0%      Default |
|                                         |                      |                  N/A |
+-----------------------------------------+----------------------+----------------------+
|   3  Quadro RTX 6000                Off | 00000000:61:00.0 Off |                  Off |
| 33%   21C    P8               6W / 260W |      3MiB / 24576MiB |      0%      Default |
|                                         |                      |                  N/A |
+-----------------------------------------+----------------------+----------------------+
                                                                                         
+---------------------------------------------------------------------------------------+
| Processes:                                                                            |
|  GPU   GI   CI        PID   Type   Process name                            GPU Memory |
|        ID   ID                                                             Usage      |
|=======================================================================================|
|  No running processes found                                                           |
+---------------------------------------------------------------------------------------+
gcc (GCC) 8.2.0
Copyright (C) 2018 Free Software Foundation, Inc.
This is free software; see the source for copying conditions.  There is NO
warranty; not even for MERCHANTABILITY or FITNESS FOR A PARTICULAR PURPOSE.

torch version =  1.13.1+cu116
torch.cuda.is_available() =  True
torch.cuda.device_count() =  1
torchvision.__version__ =  0.14.1+cu116
Start
idx1 =  0 idx2 = ,  55
P2P1-1 =  [[ 4.08639878e-01  9.12695369e-01  7.37048403e-04 -8.96680438e-02]
 [-2.26418565e-01  1.02156420e-01 -9.68658333e-01  2.35151436e+00]
 [-8.84165120e-01  3.95665467e-01  2.48396393e-01 -1.74828435e-01]
 [ 0.00000000e+00  0.00000000e+00  0.00000000e+00  1.00000000e+00]]
P1-1P2 =  [[ 0.32964678  0.90000488 -0.28517379 -0.80098495]
 [-0.02086578  0.30892899  0.95085618  1.5153341 ]
 [ 0.94387383 -0.30749632  0.12061692 -3.27100135]
 [ 0.          0.          0.          1.        ]]
P2-1P1 =  [[ 0.32964683 -0.02086592  0.94387361  3.38307285]
 [ 0.90000499  0.30892904 -0.3074963  -0.75306105]
 [-0.28517382  0.95085618  0.12061675 -1.27474721]
 [ 0.          0.          0.          1.        ]]
P1P2-1 =  [[ 4.08639920e-01 -2.26418603e-01 -8.84165231e-01  4.14491315e-01]
 [ 9.12695427e-01  1.02156340e-01  3.95665525e-01 -8.92089018e-02]
 [ 7.37135766e-04 -9.68658057e-01  2.48396352e-01  2.32130617e+00]
 [ 0.00000000e+00  0.00000000e+00  0.00000000e+00  1.00000000e+00]]
idx1 =  1 idx2 = ,  58
P2P1-1 =  [[ 0.40974215  0.91218015  0.00622009 -0.29840825]
 [-0.22278892  0.10668217 -0.96901196  2.37323451]
 [-0.88457699  0.39565924  0.24693585 -0.52547032]
 [ 0.          0.          0.          1.        ]]
P1-1P2 =  [[ 0.57471415 -0.18672085 -0.7967678  -1.59998864]
 [-0.76866125  0.21094061 -0.60387417 -1.40653867]
 [ 0.28082651  0.95949961 -0.02229459 -5.65167207]
 [ 0.          0.          0.          1.        ]]
P2-1P1 =  [[ 0.57471417 -0.76866121  0.28082656  1.42552406]
 [-0.18672085  0.21094049  0.95949951  5.42072128]
 [-0.79676784 -0.60387414 -0.02229453 -2.25019317]
 [ 0.          0.          0.          1.        ]]
P1P2-1 =  [[ 0.40974217 -0.22278893 -0.884577    0.18618187]
 [ 0.9121802   0.10668217  0.39565925  0.22692748]
 [ 0.0062201  -0.96901179  0.2469358   2.43130577]
 [ 0.          0.          0.          1.        ]]
idx1 =  2 idx2 = ,  59
P2P1-1 =  [[-0.99380124  0.09226739  0.0620159  -0.09890636]
 [-0.10200785 -0.53502902 -0.83865281  2.65346618]
 [-0.04419996 -0.83978018  0.54112441  0.16166991]
 [ 0.          0.          0.          1.        ]]
P1-1P2 =  [[-0.95774692  0.14997786  0.24541316  0.17682916]
 [-0.06672005 -0.94585635  0.31765446  3.40400023]
 [ 0.27976669  0.28785851  0.91589743 -1.72014357]
 [ 0.          0.          0.          1.        ]]
P2-1P1 =  [[-0.95774678 -0.06672006  0.27976669  0.87771153]
 [ 0.14997784 -0.94585622  0.28785856  3.68833237]
 [ 0.24541313  0.31765436  0.91589739  0.45078328]
 [ 0.          0.          0.          1.        ]]
P1P2-1 =  [[-0.9938011  -0.10200784 -0.04419999  0.17952691]
 [ 0.09226735 -0.53502892 -0.83978017  1.56457416]
 [ 0.0620159  -0.83865265  0.54112441  2.14398668]
 [ 0.          0.          0.          1.        ]]
END
